Ori_BLOSUM_62 = [
[  4, -1, -2, -2,  0, -1, -1,  0, -2, -1, -1, -1, -1, -2, -1,  1,  0, -3, -2,  0, -5 ],  #A
[ -1,  5,  0, -2, -3,  1,  0, -2,  0, -3, -2,  2, -1, -3, -2, -1, -1, -3, -2, -3, -5 ],  #R
[ -2,  0,  6,  1, -3,  0,  0,  0,  1, -3, -3,  0, -2, -3, -2,  1,  0, -4, -2, -3, -5 ],  #N
[ -2, -2,  1,  6, -3,  0,  2, -1, -1, -3, -4, -1, -3, -3, -1,  0, -1, -4, -3, -3, -5 ],  #D
[  0, -3, -3, -3,  9, -3, -4, -3, -3, -1, -1, -3, -1, -2, -3, -1, -1, -2, -2, -1, -5 ],  #C
[ -1,  1,  0,  0, -3,  5,  2, -2,  0, -3, -2,  1,  0, -3, -1,  0, -1, -2, -1, -2, -5 ],  #Q
[ -1,  0,  0,  2, -4,  2,  5, -2,  0, -3, -3,  1, -2, -3, -1,  0, -1, -3, -2, -2, -5 ],  #E
[  0, -2,  0, -1, -3, -2, -2,  6, -2, -4, -4, -2, -3, -3, -2,  0, -2, -2, -3, -3, -5 ],  #G
[ -2,  0,  1, -1, -3,  0,  0, -2,  8, -3, -3, -1, -2, -1, -2, -1, -2, -2,  2, -3, -5 ],  #H
[ -1, -3, -3, -3, -1, -3, -3, -4, -3,  4,  2, -3,  1,  0, -3, -2, -1, -3, -1,  3, -5 ],  #I
[ -1, -2, -3, -4, -1, -2, -3, -4, -3,  2,  4, -2,  2,  0, -3, -2, -1, -2, -1,  1, -5 ],  #L
[ -1,  2,  0, -1, -3,  1,  1, -2, -1, -3, -2,  5, -1, -3, -1,  0, -1, -3, -2, -2, -5 ],  #K
[ -1, -1, -2, -3, -1,  0, -2, -3, -2,  1,  2, -1,  5,  0, -2, -1, -1, -1, -1,  1, -5 ],  #M
[ -2, -3, -3, -3, -2, -3, -3, -3, -1,  0,  0, -3,  0,  6, -4, -2, -2,  1,  3, -1, -5 ],  #F
[ -1, -2, -2, -1, -3, -1, -1, -2, -2, -3, -3, -1, -2, -4,  7, -1, -1, -4, -3, -2, -5 ],  #P
[  1, -1,  1,  0, -1,  0,  0,  0, -1, -2, -2,  0, -1, -2, -1,  4,  1, -3, -2, -2, -5 ],  #S
[  0, -1,  0, -1, -1, -1, -1, -2, -2, -1, -1, -1, -1, -2, -1,  1,  5, -2, -2,  0, -5 ],  #T
[ -3, -3, -4, -4, -2, -2, -3, -2, -2, -3, -2, -3, -1,  1, -4, -3, -2, 11,  2, -3, -5 ],  #W
[ -2, -2, -2, -3, -2, -1, -2, -3,  2, -1, -1, -2, -1,  3, -3, -2, -2,  2,  7, -1, -5 ],  #Y
[  0, -3, -3, -3, -1, -2, -2, -3, -3,  3,  1, -2,  1, -1, -2, -2,  0, -3, -1,  4, -5 ],  #V
[ -5, -5, -5, -5, -5, -5, -5, -5, -5, -5, -5, -5, -5, -5, -5, -5, -5, -5, -5, -5, -5 ]]  #Z
#  A   R   N   D   C   Q   E   G   H   I   L   K   M   F   P   S   T   W   Y   V   Z


Ori_BLOSUM_45 = [
[  5, -2, -1, -2, -1, -1, -1,  0, -2, -1, -1, -1, -1, -2, -1,  1,  0, -2, -2,  0, -5 ],  #A
[ -2,  7,  0, -1, -3,  1,  0, -2,  0, -3, -2,  3, -1, -2, -2, -1, -1, -2, -1, -2, -5 ],  #R
[ -1,  0,  6,  2, -2,  0,  0,  0,  1, -2, -3,  0, -2, -2, -2,  1,  0, -4, -2, -3, -5 ],  #N
[ -2, -1,  2,  7, -3,  0,  2, -1,  0, -4, -3,  0, -3, -4, -1,  0, -1, -4, -2, -3, -5 ],  #D
[ -1, -3, -2, -3, 12, -3, -3, -3, -3, -3, -2, -3, -2, -2, -4, -1, -1, -5, -3, -1, -5 ],  #C
[ -1,  1,  0,  0, -3,  6,  2, -2,  1, -2, -2,  1,  0, -4, -1,  0, -1, -2, -1, -3, -5 ],  #Q
[ -1,  0,  0,  2, -3,  2,  6, -2,  0, -3, -2,  1, -2, -3,  0,  0, -1, -3, -2, -3, -5 ],  #E
[  0, -2,  0, -1, -3, -2, -2,  7, -2, -4, -3, -2, -2, -3, -2,  0, -2, -2, -3, -3, -5 ],  #G
[ -2,  0,  1,  0, -3,  1,  0, -2, 10, -3, -2, -1,  0, -2, -2, -1, -2, -3,  2, -3, -5 ],  #H
[ -1, -3, -2, -4, -3, -2, -3, -4, -3,  5,  2, -3,  2,  0, -2, -2, -1, -2,  0,  3, -5 ],  #I
[ -1, -2, -3, -3, -2, -2, -2, -3, -2,  2,  5, -3,  2,  1, -3, -3, -1, -2,  0,  1, -5 ],  #L
[ -1,  3,  0,  0, -3,  1,  1, -2, -1, -3, -3,  5, -1, -3, -1, -1, -1, -2, -1, -2, -5 ],  #K
[ -1, -1, -2, -3, -2,  0, -2, -2,  0,  2,  2, -1,  6,  0, -2, -2, -1, -2,  0,  1, -5 ],  #M
[ -2, -2, -2, -4, -2, -4, -3, -3, -2,  0,  1, -3,  0,  8, -3, -2, -1,  1,  3,  0, -5 ],  #F
[ -1, -2, -2, -1, -4, -1,  0, -2, -2, -2, -3, -1, -2, -3,  9, -1, -1, -3, -3, -3, -5 ],  #P
[  1, -1,  1,  0, -1,  0,  0,  0, -1, -2, -3, -1, -2, -2, -1,  4,  2, -4, -2, -1, -5 ],  #S
[  0, -1,  0, -1, -1, -1, -1, -2, -2, -1, -1, -1, -1, -1, -1,  2,  5, -3, -1,  0, -5 ],  #T
[ -2, -2, -4, -4, -5, -2, -3, -2, -3, -2, -2, -2, -2,  1, -3, -4, -3, 15,  3, -3, -5 ],  #W
[ -2, -1, -2, -2, -3, -1, -2, -3,  2,  0,  0, -1,  0,  3, -3, -2, -1,  3,  8, -1, -5 ],  #Y
[  0, -2, -3, -3, -1, -3, -3, -3, -3,  3,  1, -2,  1,  0, -3, -1,  0, -3, -1,  5, -5 ],  #V
[ -5, -5, -5, -5, -5, -5, -5, -5, -5, -5, -5, -5, -5, -5, -5, -5, -5, -5, -5, -5, -5 ]] #Z
# A   R   N   D   C   Q   E   G   H   I   L   K   M   F   P   S   T   W   Y   V   Z


Ori_BLOSUM_80 = [
[  5, -2, -2, -2, -1, -1, -1,  0, -2, -2, -2, -1, -1, -3, -1,  1,  0, -3, -2,  0, -5 ],  #A
[ -2,  6, -1, -2, -4,  1, -1, -3,  0, -3, -3,  2, -2, -4, -2, -1, -1, -4, -3, -3, -5 ],  #R
[ -2, -1,  6,  1, -3,  0, -1, -1,  0, -4, -4,  0, -3, -4, -3,  0,  0, -4, -3, -4, -5 ],  #N
[ -2, -2,  1,  6, -4, -1,  1, -2, -2, -4, -5, -1, -4, -4, -2, -1, -1, -6, -4, -4, -5 ],  #D
[ -1, -4, -3, -4,  9, -4, -5, -4, -4, -2, -2, -4, -2, -3, -4, -2, -1, -3, -3, -1, -5 ],  #C
[ -1,  1,  0, -1, -4,  6,  2, -2,  1, -3, -3,  1,  0, -4, -2,  0, -1, -3, -2, -3, -5 ],  #Q
[ -1, -1, -1,  1, -5,  2,  6, -3,  0, -4, -4,  1, -2, -4, -2,  0, -1, -4, -3, -3, -5 ],  #E
[  0, -3, -1, -2, -4, -2, -3,  6, -3, -5, -4, -2, -4, -4, -3, -1, -2, -4, -4, -4, -5 ],  #G
[ -2,  0,  0, -2, -4,  1,  0, -3,  8, -4, -3, -1, -2, -2, -3, -1, -2, -3,  2, -4, -5 ],  #H
[ -2, -3, -4, -4, -2, -3, -4, -5, -4,  5,  1, -3,  1, -1, -4, -3, -1, -3, -2,  3, -5 ],  #I
[ -2, -3, -4, -5, -2, -3, -4, -4, -3,  1,  4, -3,  2,  0, -3, -3, -2, -2, -2,  1, -5 ],  #L
[ -1,  2,  0, -1, -4,  1,  1, -2, -1, -3, -3,  5, -2, -4, -1, -1, -1, -4, -3, -3, -5 ],  #K
[ -1, -2, -3, -4, -2,  0, -2, -4, -2,  1,  2, -2,  6,  0, -3, -2, -1, -2, -2,  1, -5 ],  #M
[ -3, -4, -4, -4, -3, -4, -4, -4, -2, -1,  0, -4,  0,  6, -4, -3, -2,  0,  3, -1, -5 ],  #F
[ -1, -2, -3, -2, -4, -2, -2, -3, -3, -4, -3, -1, -3, -4,  8, -1, -2, -5, -4, -3, -5 ],  #P
[  1, -1,  0, -1, -2,  0,  0, -1, -1, -3, -3, -1, -2, -3, -1,  5,  1, -4, -2, -2, -5 ],  #S
[  0, -1,  0, -1, -1, -1, -1, -2, -2, -1, -2, -1, -1, -2, -2,  1,  5, -4, -2,  0, -5 ],  #T
[ -3, -4, -4, -6, -3, -3, -4, -4, -3, -3, -2, -4, -2,  0, -5, -4, -4, 11,  2, -3, -5 ],  #W
[ -2, -3, -3, -4, -3, -2, -3, -4,  2, -2, -2, -3, -2,  3, -4, -2, -2,  2,  7, -2, -5 ],  #Y
[  0, -3, -4, -4, -1, -3, -3, -4, -4,  3,  1, -3,  1, -1, -3, -2,  0, -3, -2,  4, -5 ],  #V
[ -5, -5, -5, -5, -5, -5, -5, -5, -5, -5, -5, -5, -5, -5, -5, -5, -5, -5, -5, -5, -5 ]] #Z
# A   R   N   D   C   Q   E   G   H   I   L   K   M   F   P   S   T   W   Y   V   Z


Ori_HDSM = [
[  2.09,  -0.50,  -0.57,  -0.73,   0.33,  -0.75,  -0.12,   0.27,  -1.42,  -0.97,  -0.39,  -0.38,  -0.04,  -0.76,  -0.53,   0.34,   0.13,  -0.66,  -1.25,   0.02], #A
[ -0.50,   2.87,   0.60,   0.13,  -1.30,   0.13,   0.99,  -0.96,   0.54,  -1.40,  -1.19,   1.42,  -0.63,  -1.40,   0.21,  -0.06,  -0.15,  -0.04,  -0.75,  -1.52], #R
[ -0.57,   0.60,   3.60,   1.78,  -2.08,   0.33,  -0.16,   0.79,   0.76,  -2.43,  -2.10,   0.83,  -2.01,  -2.25,  -1.10,   0.40,   0.30,  -2.89,  -0.36,  -2.17], #N
[ -0.73,   0.13,   1.78,   4.02,  -2.51,   0.34,   1.20,  -1.20,  -0.01,  -2.77,  -2.65,   0.66,  -2.58,  -2.19,   0.72,   0.71,  -0.75,  -1.91,  -1.21,  -2.02], #D
[  0.33,  -1.30,  -2.08,  -2.51,   6.99,  -0.83,  -1.97,  -2.11,  -1.50,   0.13,  -0.31,  -2.19,   1.04,   1.13,  -2.19,   0.31,  -0.59,  -0.76,   0.13,   0.34], #C
[ -0.75,   0.13,   0.33,   0.34,  -0.83,   2.60,   1.23,  -0.12,  -0.46,  -1.47,  -1.49,   0.92,  -0.13,  -2.31,   0.24,   1.04,   0.60,  -0.81,  -0.61,  -1.38], #Q
[ -0.12,   0.99,  -0.16,   1.20,  -1.97,   1.23,   2.97,  -0.41,  -0.62,  -1.81,  -2.11,   1.11,  -1.86,  -1.61,  -0.26,   0.31,  -0.21,  -2.70,  -1.64,  -1.84], #E
[  0.27,  -0.96,   0.79,  -1.20,  -2.11,  -0.12,  -0.41,   4.36,  -0.40,  -2.93,  -1.98,  -0.71,  -1.86,  -2.67,  -0.04,   0.29,  -0.81,  -1.21,  -1.62,  -1.96], #G
[ -1.42,   0.54,   0.76,  -0.01,  -1.50,  -0.46,  -0.62,  -0.40,   5.89,  -1.76,  -0.93,   0.31,  -1.04,  -0.22,  -1.44,  -0.74,  -0.52,  -1.48,  -0.12,  -0.35], #H
[ -0.97,  -1.40,  -2.43,  -2.77,   0.13,  -1.47,  -1.81,  -2.93,  -1.76,   2.76,   1.56,  -1.81,   0.99,   0.76,  -2.00,  -1.75,  -0.96,   0.25,   0.08,   1.94], #I
[ -0.39,  -1.19,  -2.10,  -2.65,  -0.31,  -1.49,  -2.11,  -1.98,  -0.93,   1.56,   2.43,  -1.96,   1.61,   1.23,  -1.56,  -2.30,  -0.86,  -0.14,   0.70,   0.81], #L
[ -0.38,   1.42,   0.83,   0.66,  -2.19,   0.92,   1.11,  -0.71,   0.31,  -1.81,  -1.96,   2.91,  -1.62,  -2.41,  -0.19,  -0.06,  -0.10,  -1.94,  -1.72,  -1.27], #K
[ -0.04,  -0.63,  -2.01,  -2.58,   1.04,  -0.13,  -1.86,  -1.86,  -1.04,   0.99,   1.61,  -1.62,   3.75,   0.80,  -1.09,  -1.34,  -1.58,   0.87,  -0.41,   0.61], #M
[ -0.76,  -1.40,  -2.25,  -2.19,   1.13,  -2.31,  -1.61,  -2.67,  -0.22,   0.76,   1.23,  -2.41,   0.80,   3.28,  -0.91,  -1.11,  -0.69,   2.29,   1.96,   0.51], #F
[ -0.53,   0.21,  -1.10,   0.72,  -2.19,   0.24,  -0.26,  -0.04,  -1.44,  -2.00,  -1.56,  -0.19,  -1.09,  -0.91,   5.45,  -0.29,   0.93,  -5.34,  -1.98,  -1.11], #P
[  0.34,  -0.06,   0.40,   0.71,   0.31,   1.04,   0.31,   0.29,  -0.74,  -1.75,  -2.30,  -0.06,  -1.34,  -1.11,  -0.29,   2.36,   1.20,  -1.18,  -1.56,  -1.11], #S
[  0.13,  -0.15,   0.30,  -0.75,  -0.59,   0.60,  -0.21,  -0.81,  -0.52,  -0.96,  -0.86,  -0.10,  -1.58,  -0.69,   0.93,   1.20,   2.04,  -0.57,  -0.41,   0.05], #T
[ -0.66,  -0.04,  -2.89,  -1.91,  -0.76,  -0.81,  -2.70,  -1.21,  -1.48,   0.25,  -0.14,  -1.94,   0.87,   2.29,  -5.34,  -1.18,  -0.57,   6.96,   2.15,  -1.09], #W
[ -1.25,  -0.75,  -0.36,  -1.21,   0.13,  -0.61,  -1.64,  -1.62,  -0.12,   0.08,   0.70,  -1.72,  -0.41,   1.96,  -1.98,  -1.56,  -0.41,   2.15,   3.95,   0.21], #Y
[  0.02,  -1.52,  -2.17,  -2.02,   0.34,  -1.38,  -1.84,  -1.96,  -0.35,   1.94,   0.81,  -1.27,   0.61,   0.51,  -1.11,  -1.11,   0.05,  -1.09,   0.21,   2.05]] #V
#  A       R       N       D       C       Q       E       G       H       I       L       K       M       F       P       S       T       W       Y       V


Ori_CC50 = [
[1.000,0.620,0.257,0.133,0.411,0.684,0.681,0.368,0.361,0.481,0.728,0.586,0.735,0.488,0.431,0.355,0.440,0.475,0.479,0.484], #A
[0.620,1.000,0.407,0.283,0.303,0.862,0.630,0.410,0.679,0.203,0.525,0.929,0.739,0.683,0.399,0.689,0.655,0.659,0.594,0.208], #R
[0.257,0.407,1.000,0.872,0.325,0.465,0.404,0.463,0.692,0.146,0.134,0.410,0.284,0.197,0.411,0.790,0.403,0.320,0.315,0.155], #N
[0.133,0.283,0.872,1.000,0.215,0.383,0.466,0.362,0.674,0.034,0.026,0.535,0.155,0.076,0.302,0.707,0.300,0.202,0.201,0.046], #D
[0.411,0.303,0.325,0.215,1.000,0.389,0.255,0.414,0.861,0.365,0.356,0.275,0.428,0.651,0.426,0.825,0.742,0.696,0.673,0.368], #C
[0.684,0.862,0.465,0.383,0.389,1.000,0.740,0.477,0.711,0.270,0.710,0.859,0.626,0.640,0.465,0.475,0.711,0.657,0.655,0.278], #Q
[0.681,0.630,0.404,0.466,0.255,0.740,1.000,0.370,0.362,0.157,0.401,0.743,0.245,0.184,0.363,0.396,0.359,0.288,0.297,0.168], #E
[0.368,0.410,0.463,0.362,0.414,0.477,0.370,1.000,0.468,0.282,0.273,0.394,0.396,0.333,0.465,0.470,0.455,0.423,0.412,0.288], #G
[0.361,0.679,0.692,0.674,0.861,0.711,0.362,0.468,1.000,0.276,0.265,0.416,0.387,0.567,0.454,0.930,0.704,0.661,0.738,0.285], #H
[0.481,0.203,0.146,0.034,0.365,0.270,0.157,0.282,0.276,1.000,0.499,0.168,0.465,0.491,0.364,0.263,0.380,0.443,0.449,0.948], #I
[0.728,0.525,0.134,0.026,0.356,0.710,0.401,0.273,0.265,0.499,1.000,0.606,0.791,0.741,0.358,0.252,0.371,0.688,0.447,0.498], #L
[0.586,0.929,0.410,0.535,0.275,0.859,0.743,0.394,0.416,0.168,0.606,1.000,0.512,0.444,0.363,0.687,0.643,0.292,0.307,0.174], #K
[0.735,0.739,0.284,0.155,0.428,0.626,0.245,0.396,0.387,0.465,0.791,0.512,1.000,0.815,0.445,0.366,0.438,0.821,0.487,0.466], #M
[0.488,0.683,0.197,0.076,0.651,0.640,0.184,0.333,0.567,0.491,0.741,0.444,0.815,1.000,0.400,0.550,0.650,0.918,0.919,0.492], #F
[0.431,0.399,0.411,0.302,0.426,0.465,0.363,0.465,0.454,0.364,0.358,0.363,0.445,0.400,1.000,0.449,0.463,0.470,0.470,0.370], #P
[0.355,0.689,0.790,0.707,0.825,0.475,0.396,0.470,0.930,0.263,0.252,0.687,0.366,0.550,0.449,1.000,0.791,0.646,0.724,0.271], #S
[0.440,0.655,0.403,0.300,0.742,0.711,0.359,0.455,0.704,0.380,0.371,0.643,0.438,0.650,0.463,0.791,1.000,0.699,0.904,0.387], #T
[0.475,0.659,0.320,0.202,0.696,0.657,0.288,0.423,0.661,0.443,0.688,0.292,0.821,0.918,0.470,0.646,0.699,1.000,0.742,0.444], #W
[0.479,0.594,0.315,0.201,0.673,0.655,0.297,0.412,0.738,0.449,0.447,0.307,0.487,0.919,0.470,0.724,0.904,0.742,1.000,0.452], #Y
[0.484,0.208,0.155,0.046,0.368,0.278,0.168,0.288,0.285,0.948,0.498,0.174,0.466,0.492,0.370,0.271,0.387,0.444,0.452,1.000]] #V
#A     R     N     D     C     Q     E     G     H     I     L     K     M     F     P     S     T     W     Y     V


# Singleton Score
Ori_Singleton = [
[  -60,  -13,  -18,    0,   58,   94,    1,   21,   33],   #A
[   99,  -54,  -53,  129,  -34,  -58,   94,   -3,   -5],   #R
[   87,   13,    2,   88,   25,    5,    6,  -31,  -46],   #N
[  111,   21,  -38,  117,   33,    7,   34,  -20,  -55],   #D
[  -33,   41,  191,  -66,    6,  121,  -70,  -23,  124],   #C
[  107,  -32,  -97,  146,   12,  -57,  126,   43,  -29],   #Q
[   67,  -34,  -77,  101,    4,  -51,   83,   22,  -16],   #E
[   47,  104,  116,   19,   58,  101,  -50,  -25,  -54],   #G
[   51,  -18,   18,   33,  -35,   -3,    3,  -30,    4],   #H
[  -58,    5,  119,  -89,  -20,   50,  -18,   38,  135],   #I
[  -75,  -23,   91,  -41,   19,   91,  -26,   15,  120],   #L
[  184,   -7,  -91,  210,   -4,  -90,  196,   45,  -51],   #K
[  -65,  -20,   74,  -27,   20,   65,  -25,   11,   74],   #M
[  -47,    9,  139,  -64,  -19,   79,  -44,   -3,  124],   #F
[  126,   91,   46,  131,   76,   20,  -35,  -46,  -63],   #P
[   37,   31,    8,   32,    6,   -8,  -14,  -19,  -25],   #S
[   29,   19,   29,   17,  -38,  -60,    1,   -8,   -9],   #T
[  -33,  -34,  123,  -26,  -48,   65,  -32,  -15,  123],   #W
[   -9,  -26,   97,  -26,  -70,   28,   -7,  -22,   93],   #Y
[  -40,   19,  109,  -93,  -35,   10,   -4,   32,  101]]   #V
# bury  medi  expo  bury  medi  expo   bury medi  expo
#         HELIX            SHEET            LOOP


#  TMscore > 0.35
# singleton matrix (substition matrix from 17W CLEF alignment) -> (more positive, better)
WS_Singleton = [
[ 0.4521,  0.1993,  0.1440, -0.1481, -0.4385, -0.5268, -0.0161, -0.1930, -0.2784],  #A
[-0.3654,  0.3570,  0.4287, -0.6435,  0.2095,  0.2655, -0.3786,  0.0195,  0.1137],  #R
[-0.5198, -0.0223,  0.1781, -0.6236, -0.1045,  0.0789,  0.0198,  0.2663,  0.3942],  #N
[-0.6642,  0.0034,  0.3186, -0.6616, -0.1438,  0.0117, -0.0439,  0.2922,  0.3959],  #D
[ 0.1426, -0.4187, -0.9984,  0.4265,  0.0323, -0.3947,  0.4247,  0.0587, -0.5173],  #C
[-0.2788,  0.3363,  0.5703, -0.6899,  0.0179,  0.2306, -0.4087, -0.0564,  0.1450],  #Q
[-0.4877,  0.3586,  0.7434, -0.8903, -0.0308,  0.3240, -0.5427, -0.1179,  0.2259],  #E
[-0.4438, -0.5533, -0.5185, -0.1935, -0.2888, -0.2710,  0.3172,  0.3411,  0.4983],  #G
[-0.2226,  0.0608, -0.1088, -0.1423,  0.1681,  0.0601,  0.1487,  0.1427, -0.0238],  #H
[ 0.3407, -0.2074, -0.6775,  0.6630,  0.0352, -0.3408,  0.0132, -0.3905, -0.7773],  #I
[ 0.5600,  0.0477, -0.3708,  0.2819, -0.2322, -0.5238,  0.0296, -0.2958, -0.6507],  #L
[-0.5763,  0.2980,  0.5645, -0.9008,  0.1691,  0.4039, -0.5606,  0.0123,  0.3085],  #K
[ 0.4432,  0.0740, -0.2794,  0.1453, -0.2255, -0.4119,  0.0810, -0.1618, -0.4200],  #M
[ 0.3000, -0.1884, -0.7094,  0.4458,  0.0652, -0.3039,  0.1840, -0.1604, -0.5609],  #F
[-0.7645, -0.4526, -0.2861, -0.6109, -0.1524,  0.2258,  0.3069,  0.3887,  0.5543],  #P
[-0.3276, -0.1341,  0.0339, -0.3139,  0.0630,  0.2579,  0.0899,  0.1754,  0.2426],  #S
[-0.2333, -0.1518, -0.2018, -0.0647,  0.3434,  0.5032,  0.0151,  0.1004,  0.0398],  #T
[ 0.2079, -0.0059, -0.4754,  0.2423,  0.1374, -0.1509,  0.1852, -0.0916, -0.4484],  #W
[ 0.0997, -0.0204, -0.4840,  0.2422,  0.2807, -0.1224,  0.0971, -0.0134, -0.3813],  #Y
[ 0.1356, -0.3279, -0.7181,  0.7086,  0.2294, -0.0558,  0.0044, -0.3293, -0.6776]]  #V
# bury     medi     expo     bury     medi     expo     bury     medi     expo
#         HELIX                       SHEET                      LOOP


## the rows and cols of gonnet matrix are arranged in the alpahbetical oder of amino acids in the 3-letter code
## the below matrix is a mutation probability matrix?
gonnet = [
[ 1.7378,  0.870964,0.933254,0.933254, 1.12202,  0.954993, 1,        1.12202,  0.831764, 0.831764,  0.758578, 0.912011, 0.851138, 0.588844, 1.07152,  1.28825,  1.14815,   0.436516,  0.60256,  1.02329],
[ 0.870964,2.95121, 1.07152, 0.933254, 0.60256,  1.41254,  1.09648,  0.794328, 1.14815,  0.57544,   0.60256,  1.86209,  0.676083, 0.47863,  0.812831, 0.954993, 0.954993,  0.691831,  0.660693, 0.630957],
[ 0.933254,1.07152, 2.39883, 1.65959,  0.660693, 1.1749,   1.23027,  1.09648,  1.31826,  0.524807,  0.501187, 1.20226,  0.60256,  0.489779, 0.812831, 1.23027,  1.12202,   0.436516,  0.724436, 0.60256],
[ 0.933254,0.933254,1.65959, 2.95121,  0.47863,  1.23027,  1.86209,  1.02329,  1.09648,  0.416869,  0.398107, 1.12202,  0.501187, 0.354813, 0.851138, 1.12202,  1,         0.301995,  0.524807, 0.512861],
[ 1.12202, 0.60256, 0.660693,0.47863, 14.1254,   0.57544,  0.501187, 0.630957, 0.74131,  0.776247,  0.707946, 0.524807, 0.812831, 0.831764, 0.489779, 1.02329,  0.891251,  0.794328,  0.891251, 1],
[ 0.954993,1.41254, 1.1749,  1.23027,  0.57544,  1.86209,  1.47911,  0.794328, 1.31826,  0.645654,  0.691831, 1.41254,  0.794328, 0.549541, 0.954993, 1.04713,  1,         0.537032,  0.676083, 0.707946],
[ 1,       1.09648, 1.23027, 1.86209,  0.501187, 1.47911,  2.29087,  0.831764, 1.09648,  0.537032,  0.524807, 1.31826,  0.630957, 0.40738,  0.891251, 1.04713,  0.977237,  0.371535,  0.537032, 0.645654],
[ 1.12202, 0.794328,1.09648, 1.02329,  0.630957, 0.794328, 0.831764, 4.57088,  0.724436, 0.354813,  0.363078, 0.776247, 0.446684, 0.301995, 0.691831, 1.09648,  0.776247,  0.398107,  0.398107, 0.467735],
[ 0.831764,1.14815, 1.31826, 1.09648,  0.74131,  1.31826,  1.09648,  0.724436, 3.98107,  0.60256,   0.645654, 1.14815,  0.74131,  0.977237, 0.776247, 0.954993, 0.933254,  0.831764,  1.65959,  0.630957],
[ 0.831764,0.57544, 0.524807,0.416869, 0.776247, 0.645654, 0.537032, 0.354813, 0.60256,  2.51189,   1.90546,  0.616595, 1.77828,  1.25893,  0.549541, 0.660693, 0.870964,  0.660693,  0.851138, 2.04174],
[ 0.758578,0.60256, 0.501187,0.398107, 0.707946, 0.691831, 0.524807, 0.363078, 0.645654, 1.90546,   2.51189,  0.616595, 1.90546,  1.58489,  0.588844, 0.616595, 0.74131,   0.851138,  1,        1.51356],
[ 0.912011,1.86209, 1.20226, 1.12202,  0.524807, 1.41254,  1.31826,  0.776247, 1.14815,  0.616595,  0.616595, 2.0893,   0.724436, 0.467735, 0.870964, 1.02329,  1.02329,   0.446684,  0.616595, 0.676083],
[ 0.851138,0.676083,0.60256, 0.501187, 0.812831, 0.794328, 0.630957, 0.446684, 0.74131,  1.77828,   1.90546,  0.724436, 2.69153,  1.44544,  0.57544,  0.724436, 0.870964,  0.794328,  0.954993, 1.44544],
[ 0.588844,0.47863, 0.489779,0.354813, 0.831764, 0.549541, 0.40738,  0.301995, 0.977237, 1.25893,   1.58489,  0.467735, 1.44544,  5.01187,  0.416869, 0.524807, 0.60256,   2.29087,   3.23594,  1.02329],
[ 1.07152, 0.812831,0.812831,0.851138, 0.489779, 0.954993, 0.891251, 0.691831, 0.776247, 0.549541,  0.588844, 0.870964, 0.57544,  0.416869, 5.7544,   1.09648,  1.02329,   0.316228,  0.489779, 0.660693],
[ 1.28825, 0.954993,1.23027, 1.12202,  1.02329,  1.04713,  1.04713,  1.09648,  0.954993, 0.660693,  0.616595, 1.02329,  0.724436, 0.524807, 1.09648,  1.65959,  1.41254,   0.467735,  0.645654, 0.794328],
[ 1.14815, 0.954993,1.12202, 1,        0.891251, 1,        0.977237, 0.776247, 0.933254, 0.870964,  0.74131,  1.02329,  0.870964, 0.60256,  1.02329,  1.41254,  1.77828,   0.446684,  0.645654, 1],
[ 0.436516,0.691831,0.436516,0.301995, 0.794328, 0.537032, 0.371535, 0.398107, 0.831764, 0.660693,  0.851138, 0.446684, 0.794328, 2.29087,  0.316228, 0.467735, 0.446684, 26.3027,    2.5704,   0.549541],
[ 0.60256, 0.660693,0.724436,0.524807, 0.891251, 0.676083, 0.537032, 0.398107, 1.65959,  0.851138,  1,        0.616595, 0.954993, 3.23594,  0.489779, 0.645654, 0.645654,  2.5704,    6.0256,   0.776247],
[ 1.02329, 0.630957,0.60256, 0.512861, 1,        0.707946, 0.645654, 0.467735, 0.630957, 2.04174,   1.51356,  0.676083, 1.44544,  1.02329,  0.660693, 0.794328, 1,         0.549541,  0.776247, 2.18776]
]
